learning evaluation instances,evaluation time (cpu seconds),model cost (RAM-Hours),classified instances,classified first instances,mean absolute error - first measurement,root mean squared error - first measurement,mean absolute error - last measurement,root mean squared error - last measurement,model training instances,model serialized size (bytes)
1000.0,0.1875,2.3918346657107275E-6,14.0,11.0,74.53664206107211,99.43228353841097,78.77786446062751,89.63353091762242,14.0,4.9316504E7
2000.0,2.640625,3.532590192561555E-5,27.0,24.0,79.18952942790035,123.10058313890384,83.93069784047951,118.9734950194255,27.0,5.1895304E7
3000.0,4.953125,6.625368651131996E-5,36.0,32.0,70.11858626536312,110.32277229170094,73.36916799078624,106.63581222381218,36.0,5.1697488E7
4000.0,7.265625,9.831233199090801E-5,46.0,39.0,62.11251556245825,101.19711759660134,62.647771568445144,95.78007982327895,46.0,5.3587784E7
5000.0,9.625,1.3013245505539493E-4,67.0,59.0,51.8495618464322,85.24513568297571,52.57968079804946,82.04906604777985,67.0,5.2132344E7
6000.0,11.890625,1.612588288844563E-4,79.0,71.0,48.133524259774745,79.00191797138424,49.00987369225921,76.70353936704942,79.0,5.3105912E7
7000.0,14.234375,1.94164337493324E-4,94.0,85.0,45.623949278550526,74.0164692254602,46.54474155627922,72.12898432177798,94.0,5.4269984E7
8000.0,16.5625,2.2733462372949965E-4,98.0,89.0,44.82386054047619,72.61885631002433,45.714567875225384,70.87614149495042,98.0,5.5073832E7
9000.0,18.9375,2.6117276807781305E-4,98.0,89.0,44.82386054047619,72.61885631002433,45.714567875225384,70.87614149495042,98.0,5.5073832E7
10000.0,21.328125,2.9702294385060664E-4,127.0,115.0,43.21706410672766,67.54045178184418,42.96126530419643,65.12614069834446,127.0,5.7967184E7
11000.0,23.90625,3.3789011184126133E-4,153.0,141.0,41.19606116921306,63.37157318073894,41.43117515197305,61.792551632195696,153.0,6.1273536E7
12000.0,26.484375,3.792752004422557E-4,178.0,166.0,38.227748844836285,59.28246160720425,38.75220569761401,58.13901781164492,178.0,6.2050072E7
13000.0,29.203125,4.188922366787058E-4,215.0,201.0,37.49500707782407,57.61307196461017,37.80891964395767,56.14121985427085,215.0,5.63268E7
14000.0,31.671875,4.569535636174906E-4,253.0,239.0,37.895142332557434,56.80792966388191,38.123022572759695,55.48426272356146,253.0,5.9594912E7
15000.0,34.1875,4.981246811156677E-4,301.0,286.0,36.1577815711769,53.93175539243082,36.4819484869138,52.91966853235073,301.0,6.3262904E7
16000.0,36.84375,5.406281107570975E-4,339.0,324.0,35.12025069771085,52.12598581375416,35.490292147121465,51.22752160865927,339.0,6.185252E7
17000.0,39.40625,5.82558834640723E-4,368.0,352.0,34.67410473813796,51.96285567731394,35.14591148689009,51.24657858312217,368.0,6.3251504E7
18000.0,41.984375,6.270944526638938E-4,403.0,385.0,33.80343414543269,50.82280104546053,34.262554297882346,50.05925435293261,403.0,6.6773768E7
19000.0,44.65625,6.749362142161569E-4,438.0,419.0,33.095732578393424,49.87048410302429,33.60965497080905,49.366089414112146,438.0,6.9213912E7
20000.0,47.328125,7.252717060489682E-4,472.0,453.0,33.21248906010305,50.14946591272623,33.5761542302728,49.594952409207224,472.0,7.2821656E7
21000.0,50.15625,7.817572704192974E-4,518.0,498.0,33.76171249793434,50.866296176085484,34.13055743573531,50.36505027533478,518.0,7.7204256E7
22000.0,53.015625,8.421128745410693E-4,558.0,536.0,33.405279353856955,50.2242548087571,34.02608288074782,50.14692001478817,558.0,8.159224E7
23000.0,56.03125,9.102600932237691E-4,603.0,580.0,33.07931411456261,49.79139058404137,33.52909148149516,49.797979470041184,603.0,8.7352064E7
24000.0,59.203125,9.863672659331413E-4,651.0,628.0,32.75363289698434,49.11675948483892,33.05508004319211,48.99479612920892,651.0,9.2749568E7
25000.0,63.125,0.001085445384119844,700.0,676.0,32.439662474373534,48.55480893340484,32.64703551599891,48.40249257458266,700.0,9.7653176E7
26000.0,67.109375,0.0011879970570185425,749.0,724.0,32.01738400696216,47.820418981904965,32.18614258419502,47.60415535607045,749.0,9.9491256E7
27000.0,71.140625,0.0012941167340937275,807.0,780.0,31.841669094901945,47.31947680054315,32.05867826231009,47.204049776938625,807.0,1.01755656E8
28000.0,75.171875,0.0014045460968756943,865.0,831.0,31.936112234962327,47.23677302539565,31.91468767674745,46.91917905391883,865.0,1.05888112E8
29000.0,79.328125,0.0015233705108403228,906.0,871.0,31.892553186578578,47.05169443803319,31.741971781052165,46.60203387194905,906.0,1.10511224E8
30000.0,83.46875,0.001647068026585556,958.0,919.0,31.582578648110697,46.49005596438617,31.354513804070592,45.97595640281941,958.0,1.1547752E8
31000.0,87.78125,0.00178356323083992,1008.0,966.0,31.399995786550125,46.29638557943011,31.06827700564804,45.698742049925535,1008.0,1.22346248E8
32000.0,92.34375,0.001932148700094937,1056.0,1009.0,31.182103823517597,46.20258172135287,30.788485294821733,45.60063654673057,1056.0,1.25885536E8
33000.0,96.9375,0.002087544931467467,1104.0,1057.0,31.07557129536172,46.13324399184049,30.667785975649622,45.610408210855354,1104.0,1.30760176E8
34000.0,101.640625,0.0022531189395037167,1155.0,1101.0,30.93551065398399,46.096723091403845,30.298256475938484,45.42515905738953,1155.0,1.36084296E8
35000.0,106.390625,0.002425109468102972,1204.0,1147.0,30.947823746327458,46.16216734664634,30.20937028700105,45.43591628829972,1204.0,1.39963016E8
36000.0,111.234375,0.0025937657992148562,1258.0,1196.0,31.075501887157927,46.62993465766511,30.433683371996686,46.09773240486742,1258.0,1.34593256E8
37000.0,116.0,0.002761555216630869,1307.0,1239.0,31.10081457657783,46.779876257863954,30.476753874805336,46.2924839291034,1307.0,1.36096536E8
38000.0,120.703125,0.0029339951507992936,1370.0,1297.0,31.183675958299748,46.843755992880155,30.537094345563332,46.32213799363068,1370.0,1.4172736E8
39000.0,125.59375,0.003123325326790412,1430.0,1348.0,31.219328873590854,46.801736932494144,30.64737037164153,46.52125571759887,1430.0,1.49643496E8
40000.0,130.65625,0.003326473438258593,1483.0,1390.0,31.113041517244387,46.595636924625424,30.45211362369698,46.22425321439128,1483.0,1.55113688E8
41000.0,135.828125,0.0035435922316456626,1533.0,1434.0,30.96651883736754,46.28164138908975,30.305658920561932,45.87867880971371,1533.0,1.62275056E8
42000.0,141.1875,0.0037746421362195785,1589.0,1490.0,30.997679280992234,46.37228701404691,30.285970448530698,45.77238580419852,1589.0,1.66645664E8
43000.0,146.625,0.0040138356537014865,1630.0,1528.0,30.920730485636238,46.103679170136935,30.226087747486737,45.575004569273936,1630.0,1.70040552E8
44000.0,152.09375,0.004260316609870642,1684.0,1579.0,30.732795101005447,45.75591582684616,30.102155485213896,45.239919607837834,1684.0,1.74219864E8
45000.0,158.8125,0.004571277376639449,1731.0,1624.0,30.516638320164443,45.3766653830624,29.887560591883986,44.86516933187734,1731.0,1.78903768E8
46000.0,165.640625,0.004897558003140147,1770.0,1662.0,30.50856445782696,45.21486309732594,29.820566773520326,44.65943290493016,1770.0,1.8471076E8
47000.0,172.65625,0.005240616071419531,1825.0,1710.0,30.530809094221183,45.12177386881521,29.85879195504746,44.558736755131285,1825.0,1.89018208E8
48000.0,179.78125,0.005590053195515388,1872.0,1754.0,30.594450467436147,45.1324122052894,29.865114150664642,44.53295730458439,1872.0,1.89577392E8
49000.0,186.828125,0.005945983927328294,1922.0,1803.0,30.338130537603575,44.74328805218677,29.63342367664376,44.16469154141294,1922.0,1.9524112E8
50000.0,194.109375,0.0063219956865779945,1974.0,1855.0,30.110481382789455,44.42125279474797,29.459693404378754,43.878591768287265,1974.0,1.99617152E8
51000.0,201.4375,0.006715296812601283,2030.0,1908.0,30.0278238215964,44.26993369613507,29.291754286892445,43.61759526965909,2030.0,2.07460152E8
52000.0,209.046875,0.007132551428965395,2078.0,1955.0,29.90548722958244,44.17606307007256,29.139266974284872,43.45327087275212,2078.0,2.11960304E8
53000.0,216.6875,0.007557554821412647,2127.0,2002.0,29.723224112655952,43.886309323854235,28.94739327489983,43.15324040667395,2127.0,2.15013576E8
54000.0,224.34375,0.007986679946415177,2164.0,2038.0,29.57920028060665,43.66176330808176,28.843035751642336,42.95500153936767,2164.0,2.16655744E8
55000.0,232.328125,0.008440237392723145,2216.0,2090.0,29.480264760012684,43.428749466458164,28.69620955293336,42.694073225403926,2216.0,2.19580488E8
56000.0,240.203125,0.008890305078174504,2268.0,2141.0,29.402406100165315,43.324838180864056,28.603408121946764,42.57689306170993,2268.0,2.20917256E8
57000.0,248.046875,0.009347406879468407,2325.0,2193.0,29.32242147762203,43.149642661781286,28.49061056553956,42.366005123609725,2325.0,2.2526388E8
58000.0,256.03125,0.00982727076444361,2372.0,2236.0,29.219703919891263,42.957653876368376,28.38885025838406,42.16560820595716,2372.0,2.32316208E8
59000.0,264.078125,0.010320492987747357,2423.0,2287.0,29.110432830992437,42.80113292531116,28.24477833471038,41.973512347727564,2423.0,2.36928744E8
60000.0,272.328125,0.010834001808964079,2468.0,2330.0,28.969977166906258,42.65631899818015,28.124240921854692,41.856256841762125,2468.0,2.40600392E8
61000.0,280.734375,0.011369229384096496,2509.0,2368.0,28.973153941133475,42.63744443772729,28.09984090307979,41.80409876966417,2509.0,2.46115264E8
62000.0,289.125,0.011915129483095371,2551.0,2408.0,29.069477497406673,42.707625853065984,28.126705772997276,41.77230897539284,2551.0,2.51490296E8
63000.0,297.890625,0.01246965793252457,2593.0,2450.0,29.18443338884702,42.85330075029824,28.181542094900355,41.77026577259531,2593.0,2.44536288E8
64000.0,306.953125,0.012924080664460134,2639.0,2491.0,29.091651766611616,42.660956936592854,28.147041464208876,41.658577121793634,2639.0,1.93827056E8
65000.0,314.46875,0.013232082689775982,2678.0,2527.0,29.262276595613606,42.90937790810928,28.338343764554335,41.964631573614746,2678.0,1.58413008E8
66000.0,320.140625,0.013403672678331431,2719.0,2567.0,29.22534356750772,42.84897451919893,28.328488382069246,41.88570338526812,2719.0,1.16941232E8
67000.0,324.609375,0.013509284161652129,2757.0,2605.0,29.100704523210734,42.662640601898204,28.29079004610787,41.79501059653998,2757.0,9.1353976E7
68000.0,328.453125,0.013590992501704023,2795.0,2643.0,29.283600177822553,42.993303594524725,28.469280285961545,42.164599445021324,2795.0,8.2170064E7
69000.0,331.46875,0.013658866676107412,2852.0,2695.0,29.272708412628475,43.00795050445309,28.463988990921475,42.182831586586104,2852.0,8.7002072E7
70000.0,334.59375,0.013725233589421907,2897.0,2739.0,29.24248479414279,42.938038767524795,28.3973888814428,42.075213907496064,2897.0,8.2092592E7
71000.0,337.671875,0.013787061564831272,2961.0,2800.0,29.34323436690015,43.056808652457015,28.47776703668311,42.19506056877787,2961.0,7.7642792E7
72000.0,340.59375,0.013848249508333136,3008.0,2843.0,29.43113149090331,43.1895263535155,28.5693205008252,42.357488167362575,3008.0,8.0948088E7
73000.0,343.640625,0.01391671223181119,3059.0,2892.0,29.325867465253125,43.011834050256205,28.4707189801482,42.20076944804619,3059.0,8.6856416E7
74000.0,346.796875,0.01398964654502278,3110.0,2941.0,29.342589425854097,42.99475135161708,28.53136952918696,42.241339402497495,3110.0,8.9322912E7
75000.0,349.984375,0.01406588167615054,3171.0,2992.0,29.31830680922511,42.93694980509414,28.533438288368213,42.17408467531901,3171.0,9.2450088E7
76000.0,353.734375,0.01415669518099296,3227.0,3040.0,29.409890671472496,43.05515282779138,28.6121205511322,42.219316463834026,3227.0,9.3609848E7
77000.0,357.46875,0.014250189440693554,3267.0,3073.0,29.47339046232225,43.07733115702733,28.649993283084264,42.22276327907086,3267.0,9.6776384E7
78000.0,361.28125,0.014350235402202496,3313.0,3113.0,29.47246921819669,43.076181466393194,28.607616391077723,42.18012288483694,3313.0,1.01435992E8
79000.0,365.25,0.014457505148440965,3375.0,3172.0,29.538561130143837,43.091510653834064,28.65275055795559,42.18037844420212,3375.0,1.04478248E8
80000.0,369.234375,0.014566186037587213,3416.0,3208.0,29.62275171632622,43.16525184703063,28.674890079786877,42.15655279669539,3416.0,1.0543756E8
81000.0,373.234375,0.014677463546654007,3462.0,3250.0,29.604871492361436,43.09780732852211,28.620028624477374,42.050637599156005,3462.0,1.07534984E8
82000.0,377.25,0.01479166119938277,3501.0,3288.0,29.562651200685718,43.032803712158824,28.604127154349808,42.009674766675666,3501.0,1.09927512E8
83000.0,381.359375,0.014913874464077208,3556.0,3343.0,29.532257866253197,42.91924984666736,28.584281083060855,41.92722966397276,3556.0,1.1495952E8
84000.0,385.515625,0.015042233369862925,3610.0,3395.0,29.548616935065024,42.9131619292286,28.557526112880076,41.87954467131771,3610.0,1.19378664E8
85000.0,389.828125,0.015180114939349657,3654.0,3437.0,29.47460058087512,42.80482860972849,28.476974000938274,41.75632847529903,3654.0,1.23588904E8
86000.0,394.15625,0.015321057659522118,3696.0,3469.0,29.60144572415665,42.93508139905855,28.56123982173249,41.824436244496695,3696.0,1.25876664E8
87000.0,398.640625,0.015470765624583395,3742.0,3514.0,29.582152018168465,42.90647811186851,28.52486758997003,41.7805104229317,3742.0,1.2904624E8
88000.0,403.1875,0.01562725120980759,3786.0,3557.0,29.603591228910652,42.94874728543105,28.52098622811863,41.816879795630626,3786.0,1.3303432E8
89000.0,407.75,0.01579087519960013,3839.0,3607.0,29.646202138254594,42.96340190915019,28.57582953025516,41.85366897109418,3839.0,1.38626568E8
90000.0,412.75,0.015971772254173032,3894.0,3658.0,29.6724194531226,42.95672475046727,28.563934024494678,41.812799672205955,3894.0,1.39850448E8
90452.0,417.484375,0.016140446007678604,3913.0,3675.0,29.691694054183497,43.00111180549789,28.575918213890564,41.83970505657079,3913.0,1.37716896E8