learning evaluation instances,evaluation time (cpu seconds),model cost (RAM-Hours),classified instances,classifications correct (percent)- first measurement,classifications correct (percent)- last measurement,model training instances,model serialized size (bytes)
1000.0,0.171875,9.755264424408477E-8,14.0,58.333333333333336,57.14285714285714,14.0,2193960.0
2000.0,0.453125,2.6059055623287957E-7,27.0,52.0,44.44444444444444,27.0,2240776.0
3000.0,0.921875,6.362851127050817E-7,36.0,54.54545454545454,50.0,36.0,3098104.0
4000.0,1.625,1.4778893091715872E-6,46.0,50.0,47.82608695652174,46.0,4626768.0
5000.0,2.171875,2.649706697815822E-6,67.0,51.66666666666667,50.74626865671642,67.0,8282744.0
6000.0,2.71875,4.119773350086891E-6,79.0,54.166666666666664,53.16455696202531,79.0,1.0390856E7
7000.0,3.3125,6.128524384823525E-6,94.0,56.97674418604651,55.319148936170215,94.0,1.3077504E7
8000.0,3.765625,7.743838747652868E-6,98.0,56.666666666666664,55.10204081632652,98.0,1.3779752E7
9000.0,4.15625,9.136351129402303E-6,98.0,56.666666666666664,55.10204081632652,98.0,1.3779752E7
10000.0,5.15625,1.435296412738454E-5,127.0,56.03448275862068,55.118110236220474,127.0,2.0164664E7
11000.0,6.125,2.0911182154021745E-5,153.0,54.929577464788736,54.248366013071895,153.0,2.616836E7
12000.0,7.1875,2.96974673983641E-5,178.0,52.69461077844312,52.24719101123596,178.0,3.1965296E7
13000.0,8.796875,4.671786071008279E-5,215.0,53.960396039603964,53.48837209302325,215.0,4.088036E7
14000.0,10.4375,6.799402970096304E-5,253.0,53.75,53.359683794466406,253.0,5.0128704E7
15000.0,12.359375,9.876256443223813E-5,301.0,56.09756097560976,55.81395348837209,301.0,6.1884808E7
16000.0,14.34375,1.358624857837438E-4,339.0,56.00000000000001,55.75221238938053,339.0,7.2268928E7
17000.0,16.5625,1.818537035918174E-4,368.0,55.524079320113316,55.434782608695656,368.0,8.012516E7
18000.0,18.90625,2.3624192816593375E-4,403.0,55.69948186528497,55.58312655086849,403.0,8.9700728E7
19000.0,21.578125,3.047241673145133E-4,438.0,55.714285714285715,55.70776255707762,438.0,9.9075024E7
20000.0,24.40625,3.839683605797796E-4,472.0,55.72687224669603,55.720338983050844,472.0,1.08310664E8
21000.0,27.640625,4.8571495691754135E-4,518.0,55.71142284569138,55.5984555984556,518.0,1.21599528E8
22000.0,30.765625,5.931372274709349E-4,558.0,57.72811918063314,57.52688172043011,558.0,1.3287604E8
23000.0,34.078125,7.186413193186229E-4,603.0,56.79862306368331,56.550580431177444,603.0,1.46455056E8
24000.0,38.15625,8.887506474921894E-4,651.0,56.75675675675676,56.528417818740394,651.0,1.61238952E8
25000.0,42.5,0.001087479441258539,700.0,57.163958641063516,56.99999999999999,700.0,1.76847264E8
26000.0,47.0625,0.0013144643347994941,749.0,57.931034482758626,57.810413885180246,749.0,1.923076E8
27000.0,52.1875,0.0015950358192720966,807.0,58.38668373879642,58.36431226765799,807.0,2.1161772E8
28000.0,57.453125,0.0019093277754533725,865.0,58.65384615384615,58.95953757225434,865.0,2.30720248E8
29000.0,62.84375,0.0022507413665880448,906.0,58.830275229357795,59.16114790286976,906.0,2.448184E8
30000.0,68.609375,0.0026419146178523075,958.0,58.80434782608695,59.081419624217126,958.0,2.62255816E8
31000.0,74.640625,0.003079764177673496,1008.0,58.63495346432265,59.0,1008.0,2.80620864E8
32000.0,80.90625,0.003564075291247314,1056.0,58.9,59.699999999999996,1056.0,2.98787488E8
33000.0,87.328125,0.004090605786510018,1104.0,59.599999999999994,60.099999999999994,1104.0,3.16930512E8
34000.0,93.890625,0.0046615209796517666,1155.0,59.699999999999996,60.699999999999996,1155.0,3.362828E8
35000.0,100.828125,0.005301404368882584,1204.0,59.699999999999996,61.0,1204.0,3.56533392E8
36000.0,108.15625,0.006015692136586747,1258.0,60.4,61.6,1258.0,3.76775552E8
37000.0,117.125,0.00693111023826835,1307.0,61.4,62.2,1307.0,3.94539008E8
38000.0,126.578125,0.007958633029775229,1370.0,61.3,62.6,1370.0,4.20163608E8
39000.0,136.015625,0.009048087731126645,1430.0,61.7,62.9,1430.0,4.46225704E8
40000.0,145.75,0.010228566886669595,1483.0,62.0,63.6,1483.0,4.6876224E8
41000.0,157.09375,0.011667918673451318,1533.0,62.3,63.6,1533.0,4.90470256E8
42000.0,167.125,0.013001858157189823,1589.0,62.1,63.0,1589.0,5.14024056E8
43000.0,176.640625,0.014313327763876362,1630.0,61.199999999999996,63.6,1630.0,5.32749784E8
44000.0,186.421875,0.01572469567310893,1684.0,62.1,64.0,1684.0,5.57761136E8
45000.0,196.765625,0.017270166521064112,1731.0,62.3,63.6,1731.0,5.77544128E8
46000.0,207.15625,0.018870795452740927,1770.0,62.4,63.7,1770.0,5.95458312E8
47000.0,217.671875,0.020568382651803812,1825.0,61.9,63.3,1825.0,6.2402124E8
48000.0,228.140625,0.022322688984568236,1872.0,61.199999999999996,62.3,1872.0,6.4775828E8
49000.0,239.546875,0.024306177824619232,1922.0,61.4,62.3,1922.0,6.72185664E8
50000.0,250.328125,0.026257376239324615,1974.0,61.7,63.4,1974.0,6.99575656E8
51000.0,261.375,0.02833705632905347,2030.0,61.199999999999996,62.7,2030.0,7.2771188E8
52000.0,273.25,0.030644160729878227,2078.0,61.6,62.2,2078.0,7.50993192E8
53000.0,285.0,0.03300999815042209,2127.0,61.199999999999996,62.1,2127.0,7.78304248E8
54000.0,296.78125,0.035447358648816596,2164.0,61.0,61.9,2164.0,7.9970676E8
55000.0,309.3125,0.03813613643232708,2216.0,60.3,61.7,2216.0,8.29397816E8
56000.0,322.609375,0.04108832235486868,2268.0,61.1,61.9,2268.0,8.58215768E8
57000.0,335.609375,0.04408651850018133,2325.0,60.6,60.6,2325.0,8.91495304E8
58000.0,348.625,0.04718754539974422,2372.0,60.0,60.8,2372.0,9.20964472E8
59000.0,361.578125,0.05037318519927794,2423.0,60.5,61.4,2423.0,9.50658384E8
60000.0,374.421875,0.05361654967661404,2468.0,60.4,61.1,2468.0,9.76126904E8
61000.0,388.140625,0.057169514971028554,2509.0,60.0,60.699999999999996,2509.0,1.001103072E9
62000.0,404.921875,0.06162748018580412,2551.0,59.4,60.0,2551.0,1.02686828E9
63000.0,421.921875,0.06625808661483462,2593.0,59.3,60.199999999999996,2593.0,1.052910168E9
64000.0,439.875,0.07127576078259154,2639.0,59.3,59.8,2639.0,1.080350736E9
65000.0,457.359375,0.07628267969722705,2678.0,59.099999999999994,59.5,2678.0,1.106936776E9
66000.0,474.640625,0.08135041947683527,2719.0,58.699999999999996,59.099999999999994,2719.0,1.1335522E9
67000.0,492.4375,0.08668111542553461,2757.0,58.5,59.099999999999994,2757.0,1.15782396E9
68000.0,510.234375,0.09212011822974699,2795.0,58.3,59.599999999999994,2795.0,1.181348144E9
69000.0,528.625,0.09790522891316668,2852.0,59.0,60.3,2852.0,1.215955144E9
70000.0,546.046875,0.10352300920960263,2897.0,59.3,60.0,2897.0,1.24644244E9
71000.0,564.734375,0.10975034397583741,2961.0,58.199999999999996,58.599999999999994,2961.0,1.288111264E9
72000.0,583.078125,0.11599474680619704,3008.0,57.99999999999999,58.8,3008.0,1.315846288E9
73000.0,602.578125,0.12279709899807738,3059.0,58.199999999999996,59.099999999999994,3059.0,1.34842524E9
74000.0,621.953125,0.12974109786029053,3110.0,58.599999999999994,59.599999999999994,3110.0,1.385384424E9
75000.0,642.125,0.137189476585352,3171.0,58.599999999999994,59.8,3171.0,1.427308504E9
76000.0,662.09375,0.14476868916173571,3227.0,59.0,60.6,3227.0,1.467153584E9
77000.0,681.796875,0.1523918895022103,3267.0,59.199999999999996,59.8,3267.0,1.495562584E9
78000.0,701.6875,0.16026262064580807,3313.0,59.099999999999994,60.4,3313.0,1.529568808E9