learning evaluation instances,evaluation time (cpu seconds),model cost (RAM-Hours),classified instances,classifications correct (percent)- first measurement,classifications correct (percent)- last measurement,model training instances,model serialized size (bytes)
1000.0,0.109375,6.932823453098535E-8,14.0,58.333333333333336,57.14285714285714,14.0,2450160.0
2000.0,0.25,1.6461068298667668E-7,27.0,40.0,44.44444444444444,27.0,2619104.0
3000.0,0.375,2.529828472890788E-7,36.0,42.42424242424242,47.22222222222222,36.0,2732800.0
4000.0,0.515625,3.575741559163564E-7,46.0,40.0,45.65217391304348,46.0,2874984.0
5000.0,0.75,5.683261487219068E-7,67.0,45.0,49.25373134328358,67.0,3475864.0
6000.0,0.96875,7.738588869364725E-7,79.0,48.61111111111111,51.89873417721519,79.0,3631912.0
7000.0,1.328125,1.2497395315828423E-6,94.0,52.32558139534884,54.25531914893617,94.0,5123552.0
8000.0,1.6875,1.7858301483405134E-6,98.0,52.22222222222223,54.08163265306123,98.0,5766240.0
9000.0,1.921875,2.1356756527287265E-6,98.0,52.22222222222223,54.08163265306123,98.0,5769888.0
10000.0,2.234375,2.677186696221017E-6,127.0,52.58620689655172,54.330708661417326,127.0,6698224.0
11000.0,2.5625,3.3042489990798964E-6,153.0,52.112676056338024,53.59477124183007,153.0,7387096.0
12000.0,3.265625,5.440144191703035E-6,178.0,53.293413173652695,56.17977528089888,178.0,1.1742208E7
13000.0,4.375,1.1223822883847687E-5,215.0,55.940594059405946,58.139534883720934,215.0,2.0152464E7
14000.0,5.46875,1.860885421693739E-5,253.0,56.25,56.126482213438734,253.0,2.6099768E7
15000.0,6.734375,2.957246214565304E-5,301.0,56.44599303135889,56.810631229235874,301.0,3.348504E7
16000.0,8.140625,4.4220658665936856E-5,339.0,56.30769230769231,57.227138643067846,339.0,4.0264656E7
17000.0,9.5625,6.061463477736753E-5,368.0,55.524079320113316,56.52173913043478,368.0,4.4568216E7
18000.0,10.921875,7.766184403509316E-5,403.0,55.181347150259064,55.831265508684865,403.0,4.847484E7
19000.0,12.390625,9.780651294729776E-5,438.0,55.714285714285715,55.93607305936074,438.0,5.3016936E7
20000.0,13.84375,1.1885988357890811E-4,472.0,55.2863436123348,56.567796610169495,472.0,5.6004256E7
21000.0,15.40625,1.4313060906715692E-4,518.0,55.91182364729459,57.33590733590733,518.0,6.0043376E7
22000.0,17.03125,1.6934846747770077E-4,558.0,56.424581005586596,58.24372759856631,558.0,6.236576E7
23000.0,18.8125,1.9970585831389245E-4,603.0,56.79862306368331,58.70646766169154,603.0,6.5878232E7
24000.0,20.609375,2.318431066426759E-4,651.0,56.75675675675676,59.29339477726574,651.0,6.913424E7
25000.0,22.546875,2.682648192340922E-4,700.0,57.31166912850812,60.0,700.0,7.2664288E7
26000.0,24.40625,3.0525968963047485E-4,749.0,58.06896551724138,61.01468624833111,749.0,7.6908952E7
27000.0,26.90625,3.5794030807058635E-4,807.0,58.38668373879642,61.46220570012392,807.0,8.1454152E7
28000.0,29.59375,4.175606819788097E-4,865.0,58.53365384615385,61.27167630057804,865.0,8.5753224E7
29000.0,31.96875,4.7218339204037975E-4,906.0,58.600917431192656,61.258278145695364,906.0,8.8902096E7
30000.0,35.09375,5.479524400693157E-4,958.0,58.913043478260875,61.48225469728601,958.0,9.3722568E7
31000.0,37.921875,6.19016599020041E-4,1008.0,59.04860392967942,62.0,1008.0,9.7130224E7
32000.0,41.265625,7.064952666728963E-4,1056.0,59.0,62.5,1056.0,1.0112784E8
33000.0,44.3125,7.897090289366638E-4,1104.0,60.3,62.9,1104.0,1.05570576E8
34000.0,48.03125,8.958456000093267E-4,1155.0,59.9,63.2,1155.0,1.10324112E8
35000.0,51.625,0.0010030446978635155,1204.0,60.099999999999994,62.9,1204.0,1.15304336E8
36000.0,55.90625,0.0011354094403860572,1258.0,60.0,63.800000000000004,1258.0,1.1950996E8
37000.0,60.78125,0.0012937857771046562,1307.0,60.4,64.60000000000001,1307.0,1.25579296E8
38000.0,66.46875,0.0014909354765808933,1370.0,61.0,64.7,1370.0,1.33991448E8
39000.0,72.3125,0.0017030867899625768,1430.0,61.0,64.8,1430.0,1.4033192E8
40000.0,78.65625,0.00194391413284595,1483.0,61.6,65.2,1483.0,1.46744592E8
41000.0,83.859375,0.002148272633041617,1533.0,62.1,65.10000000000001,1533.0,1.5182064E8
42000.0,90.515625,0.0024270186616275973,1589.0,62.4,64.8,1589.0,1.61875616E8
43000.0,95.703125,0.002652589944094264,1630.0,61.8,64.3,1630.0,1.68084656E8
44000.0,101.921875,0.0029342413499317543,1684.0,62.4,64.9,1684.0,1.75069784E8
45000.0,108.734375,0.003255982572413308,1731.0,62.6,64.2,1731.0,1.82558712E8
46000.0,116.1875,0.0036196743495788214,1770.0,62.3,64.2,1770.0,1.88624216E8
47000.0,122.390625,0.0039327748712579096,1825.0,62.3,64.60000000000001,1825.0,1.95108248E8
48000.0,130.265625,0.004345062869736769,1872.0,61.8,65.0,1872.0,2.02372968E8
49000.0,137.9375,0.00476715917805753,1922.0,62.0,65.60000000000001,1922.0,2.12673024E8
50000.0,146.328125,0.0052518318851556,1974.0,62.6,65.7,1974.0,2.23283496E8
51000.0,156.15625,0.005860575312496318,2030.0,62.5,65.2,2030.0,2.39423064E8
52000.0,165.9375,0.0065005657916642826,2078.0,61.9,65.2,2078.0,2.5291904E8
53000.0,176.453125,0.007232348634020632,2127.0,61.8,65.3,2127.0,2.6899828E8
54000.0,185.6875,0.007901583656817417,2164.0,61.0,65.0,2164.0,2.80138968E8
55000.0,197.640625,0.008817331846253688,2216.0,60.4,64.0,2216.0,2.96139936E8
56000.0,208.296875,0.009667863292561378,2268.0,60.8,63.800000000000004,2268.0,3.08523568E8
57000.0,222.9375,0.010919705612436196,2325.0,60.8,62.9,2325.0,3.3051592E8
58000.0,235.828125,0.01207259551977687,2372.0,60.8,63.3,2372.0,3.45713416E8
59000.0,251.203125,0.013518914068570463,2423.0,60.8,63.4,2423.0,3.6362288E8
60000.0,263.296875,0.014703476375887273,2468.0,61.5,63.800000000000004,2468.0,3.78616288E8
61000.0,278.234375,0.016239649582874133,2509.0,61.5,63.6,2509.0,3.97525176E8
62000.0,291.84375,0.01768991528331147,2551.0,61.3,63.2,2551.0,4.11918944E8
63000.0,305.8125,0.01923867051412041,2593.0,60.9,63.6,2593.0,4.28575768E8