learning evaluation instances,evaluation time (cpu seconds),model cost (RAM-Hours),classified instances,mean absolute error,root mean squared error,model training instances,model serialized size (bytes)
1000.0,0.046875,2.1634817433853946E-9,1000.0,0.5247971491391029,0.655321145420835,1000.0,178408.0
2000.0,0.078125,3.607613810648521E-9,1000.0,0.49639849529759666,0.6213480947069578,2000.0,178632.0
3000.0,0.09375,4.329679844280084E-9,1000.0,0.4980298347715956,0.6164597251150161,3000.0,178632.0
4000.0,0.109375,5.051745877911648E-9,1000.0,0.47922106040789914,0.6045106194518103,4000.0,178632.0
5000.0,0.125,5.773811911543211E-9,1000.0,0.46166481009382654,0.575590179087314,5000.0,178632.0
6000.0,0.15625,7.217943978806337E-9,1000.0,0.4513068800510096,0.5611183591274201,6000.0,178632.0
7000.0,0.171875,7.9400100124379E-9,1000.0,0.43817583675030786,0.5496229785044383,7000.0,178632.0
8000.0,0.1875,8.662076046069463E-9,1000.0,0.4417105356620644,0.5475499566689602,8000.0,178632.0
9000.0,0.203125,9.384142079701026E-9,1000.0,0.4315828280455105,0.5410388266950981,9000.0,178632.0
10000.0,0.21875,1.010620811333259E-8,1000.0,0.42211237095350457,0.5316359282065292,10000.0,178632.0
11000.0,0.234375,1.0828274146964153E-8,1000.0,0.4063625640545394,0.5105090962101604,11000.0,178632.0
12000.0,0.25,1.1550340180595716E-8,1000.0,0.4052111899209282,0.5066463880270958,12000.0,178632.0
13000.0,0.265625,1.227240621422728E-8,1000.0,0.4074582558494812,0.5060773781748668,13000.0,178632.0
14000.0,0.28125,1.2994472247858843E-8,1000.0,0.4117951936880196,0.5166462623967816,14000.0,178632.0
15000.0,0.296875,1.3716538281490406E-8,1000.0,0.38362585198395616,0.4839032689757376,15000.0,178632.0
16000.0,0.3125,1.4438604315121969E-8,1000.0,0.3967201513491451,0.4982835542365103,16000.0,178632.0
17000.0,0.328125,1.516067034875353E-8,1000.0,0.38722644999133354,0.48067853777515895,17000.0,178632.0
18000.0,0.34375,1.5882736382385092E-8,1000.0,0.37646724280077837,0.4685926735384273,18000.0,178632.0
19000.0,0.359375,1.6604802416016654E-8,1000.0,0.3866092332409055,0.4762173996669756,19000.0,178632.0
20000.0,0.375,1.7326868449648215E-8,1000.0,0.3702640566249413,0.46838973044123017,20000.0,178632.0
21000.0,0.390625,1.8048934483279777E-8,1000.0,0.3742917708167592,0.47160445951810287,21000.0,178632.0
22000.0,0.40625,1.877100051691134E-8,1000.0,0.3687335972439887,0.46374892654654304,22000.0,178632.0
23000.0,0.40625,1.877100051691134E-8,1000.0,0.35293434553251957,0.43828562869397797,23000.0,178632.0
24000.0,0.40625,1.877100051691134E-8,1000.0,0.36621671172973813,0.45947316796156445,24000.0,178632.0
25000.0,0.421875,1.94930665505429E-8,1000.0,0.351126759772822,0.4418775005208715,25000.0,178632.0
26000.0,0.4375,2.0215132584174462E-8,1000.0,0.36712470823469023,0.45154201522441056,26000.0,178632.0
27000.0,0.453125,2.0937198617806023E-8,1000.0,0.3616250472755692,0.4504481199083603,27000.0,178632.0
28000.0,0.453125,2.0937198617806023E-8,1000.0,0.3500403246899256,0.43673580597715383,28000.0,178632.0
29000.0,0.46875,2.1659264651437585E-8,1000.0,0.3610337098047481,0.44839353490420747,29000.0,178632.0
30000.0,0.46875,2.1659264651437585E-8,1000.0,0.33987530478825156,0.4309935383798914,30000.0,178632.0
31000.0,0.484375,2.2381330685069147E-8,1000.0,0.34052561058021685,0.4259769046930803,31000.0,178632.0
32000.0,0.484375,2.2381330685069147E-8,1000.0,0.3452842740077171,0.43427835834292516,32000.0,178632.0
33000.0,0.5,2.3103396718700708E-8,1000.0,0.3332668278085884,0.4185044895060783,33000.0,178632.0
34000.0,0.5,2.3103396718700708E-8,1000.0,0.3183084941518013,0.40663937347715545,34000.0,178632.0
35000.0,0.515625,2.3824557299829173E-8,1000.0,0.33307922687584973,0.4216292766274684,35000.0,178408.0
36000.0,0.53125,2.4546623333460735E-8,1000.0,0.3294468084131346,0.4131766114422049,36000.0,178632.0
37000.0,0.53125,2.4546623333460735E-8,1000.0,0.32899392316573045,0.415626698524626,37000.0,178632.0
38000.0,0.546875,2.5268689367092297E-8,1000.0,0.3238191091508893,0.40308052020342255,38000.0,178632.0
39000.0,0.546875,2.5268689367092297E-8,1000.0,0.316131371995607,0.39405143840631074,39000.0,178632.0
40000.0,0.5625,2.5990755400723858E-8,1000.0,0.31521540209799864,0.3927921433028737,40000.0,178632.0
41000.0,0.578125,2.671282143435542E-8,1000.0,0.30485345817740495,0.3812718365328825,41000.0,178632.0
42000.0,0.578125,2.671282143435542E-8,1000.0,0.31895551861919186,0.4020575375590035,42000.0,178632.0
43000.0,0.59375,2.743488746798698E-8,1000.0,0.3221215392772582,0.4021668999559857,43000.0,178632.0
44000.0,0.59375,2.743488746798698E-8,1000.0,0.3126120316355139,0.39090737694665406,44000.0,178632.0
45000.0,0.609375,2.8156953501618543E-8,1000.0,0.2904362670895655,0.36606619357882125,45000.0,178632.0
46000.0,0.625,2.8879019535250105E-8,1000.0,0.3272865481976085,0.4075919291974042,46000.0,178632.0
47000.0,0.625,2.8879019535250105E-8,1000.0,0.3042681923904254,0.38157822359453675,47000.0,178632.0
48000.0,0.640625,2.9601085568881666E-8,1000.0,0.3166962488551665,0.3955825540108649,48000.0,178632.0
49000.0,0.640625,2.9601085568881666E-8,1000.0,0.3057486415158774,0.38454550914087643,49000.0,178632.0
50000.0,0.65625,3.032315160251323E-8,1000.0,0.31165565114644606,0.38858777101551006,50000.0,178632.0
51000.0,0.65625,3.032315160251323E-8,1000.0,0.2975519525810147,0.3724187828953686,51000.0,178632.0
52000.0,0.671875,3.104521763614479E-8,1000.0,0.3069643785072474,0.37832674155201745,52000.0,178632.0
53000.0,0.671875,3.104521763614479E-8,1000.0,0.3071284766298947,0.38390833213868736,53000.0,178632.0
54000.0,0.671875,3.104521763614479E-8,1000.0,0.2741228936506164,0.3467360313421931,54000.0,178632.0
55000.0,0.6875,3.176728366977635E-8,1000.0,0.28937164231258267,0.36408564256585085,55000.0,178632.0
56000.0,0.703125,3.248934970340791E-8,1000.0,0.2945911827951539,0.3704973111666976,56000.0,178632.0
57000.0,0.703125,3.248934970340791E-8,1000.0,0.281875506376054,0.35563473551503066,57000.0,178632.0
58000.0,0.71875,3.3211415737039474E-8,1000.0,0.28868266159180317,0.35777031026549433,58000.0,178632.0
59000.0,0.71875,3.3211415737039474E-8,1000.0,0.2732462472209734,0.34353939331039374,59000.0,178632.0
60000.0,0.734375,3.3933481770671036E-8,1000.0,0.2773643341108677,0.34984891318533423,60000.0,178632.0
61000.0,0.734375,3.3933481770671036E-8,1000.0,0.28394749909083306,0.3508314844472661,61000.0,178632.0
62000.0,0.75,3.46555478043026E-8,1000.0,0.27887286861977834,0.3501956220393886,62000.0,178632.0
63000.0,0.75,3.46555478043026E-8,1000.0,0.2780930142282024,0.3470603111035452,63000.0,178632.0
64000.0,0.765625,3.537761383793416E-8,1000.0,0.2720808145595881,0.3397349934514706,64000.0,178632.0
65000.0,0.78125,3.609967987156572E-8,1000.0,0.25389387299750493,0.3233719845673848,65000.0,178632.0
66000.0,0.796875,3.682174590519728E-8,1000.0,0.26384422010430136,0.32919973059344826,66000.0,178632.0
67000.0,0.796875,3.682174590519728E-8,1000.0,0.2558895668484735,0.32508069287865626,67000.0,178632.0
68000.0,0.8125,3.7543811938828844E-8,1000.0,0.27245423809374086,0.3450217815117102,68000.0,178632.0
69000.0,0.8125,3.7543811938828844E-8,1000.0,0.26043831414441876,0.32838318542524725,69000.0,178632.0
70000.0,0.828125,3.8265877972460405E-8,1000.0,0.27107900907710464,0.3387764409896652,70000.0,178632.0
71000.0,0.828125,3.8265877972460405E-8,1000.0,0.27279196732868405,0.3422879179078943,71000.0,178632.0
72000.0,0.84375,3.898794400609197E-8,1000.0,0.2628195872154474,0.32745383920560506,72000.0,178632.0
73000.0,0.84375,3.898794400609197E-8,1000.0,0.25443696937671567,0.3205614165153214,73000.0,178632.0
74000.0,0.859375,3.971001003972353E-8,1000.0,0.2515973891378095,0.3157387595391499,74000.0,178632.0
75000.0,0.859375,3.971001003972353E-8,1000.0,0.26281580695783807,0.32640506095058935,75000.0,178632.0
76000.0,0.875,4.043207607335509E-8,1000.0,0.25921207968281373,0.32607205554768387,76000.0,178632.0
77000.0,0.875,4.043207607335509E-8,1000.0,0.2657451451298749,0.333070237156808,77000.0,178632.0
78000.0,0.875,4.043207607335509E-8,1000.0,0.24994436789008534,0.3168432314899682,78000.0,178632.0
79000.0,0.890625,4.115414210698665E-8,1000.0,0.2612241735472636,0.32714858631269084,79000.0,178632.0
80000.0,0.90625,4.1876208140618213E-8,1000.0,0.25054620983125286,0.3114169731949624,80000.0,178632.0
81000.0,0.90625,4.1876208140618213E-8,1000.0,0.2438275944247121,0.3091987268789945,81000.0,178632.0
82000.0,0.921875,4.2598274174249775E-8,1000.0,0.24518406080969138,0.30810928213602573,82000.0,178632.0
83000.0,0.921875,4.2598274174249775E-8,1000.0,0.24469640966653422,0.305844161624247,83000.0,178632.0
84000.0,0.9375,4.3320340207881337E-8,1000.0,0.2498013200174049,0.31629166972434175,84000.0,178632.0
85000.0,0.9375,4.3320340207881337E-8,1000.0,0.24968669338630586,0.3109173085931485,85000.0,178632.0
86000.0,0.953125,4.40424062415129E-8,1000.0,0.2521867554268518,0.31325663784310387,86000.0,178632.0
87000.0,0.953125,4.40424062415129E-8,1000.0,0.24770543645724816,0.3092477967548859,87000.0,178632.0
88000.0,0.984375,4.548653830877602E-8,1000.0,0.23969240882936177,0.30070569647328343,88000.0,178632.0
89000.0,0.984375,4.548653830877602E-8,1000.0,0.23151455995765802,0.2904239411713664,89000.0,178632.0
90000.0,1.0,4.620860434240758E-8,1000.0,0.23634824874586444,0.2958774704401905,90000.0,178632.0
91000.0,1.0,4.620860434240758E-8,1000.0,0.2382285485192598,0.2991553982455547,91000.0,178632.0
92000.0,1.015625,4.6930670376039145E-8,1000.0,0.23902590316354982,0.2966048972530616,92000.0,178632.0
93000.0,1.015625,4.6930670376039145E-8,1000.0,0.220007433646296,0.2793852000445149,93000.0,178632.0
94000.0,1.015625,4.6930670376039145E-8,1000.0,0.23089458699802473,0.29261667243765965,94000.0,178632.0
95000.0,1.015625,4.6930670376039145E-8,1000.0,0.23933709248715543,0.3025367163202897,95000.0,178632.0
96000.0,1.03125,4.7652736409670706E-8,1000.0,0.23896520912004252,0.30002260613486703,96000.0,178632.0
97000.0,1.03125,4.7652736409670706E-8,1000.0,0.22806181534446737,0.2824526755917605,97000.0,178632.0
98000.0,1.046875,4.837480244330227E-8,1000.0,0.2278321010236354,0.2882271822122196,98000.0,178632.0
99000.0,1.046875,4.837480244330227E-8,1000.0,0.22342791488103675,0.2803161253774536,99000.0,178632.0
100000.0,1.0625,4.909686847693383E-8,1000.0,0.2283241703203732,0.28620625686113454,100000.0,178632.0